%cara1_frontal1
8.522758 9.902106 -1204.799561 0
-11.654686 27.587109 -1238.984375 1
26.252775 27.602108 -1239.549316 2 
-44.247139 27.917095 -1254.721558 3 
55.837753 24.882092 -1249.636841 4 
8.697784 41.844646 -1230.859131 5
8.617772 -7.147943 -1218.797241 6
-14.474692 4.329570 -1230.109497 7
28.987764 7.219574 -1230.914551 8

%cara1_frontal2
8.508440 10.430750 -1206.027466 0 
-12.892166 26.980213 -1239.486328 1
25.199396 29.364130 -1238.730347 2
-43.656433 28.476646 -1254.650513 3
56.231686 25.085739 -1250.600952 4
9.614428 40.871235 -1230.107056 5
8.771912 -6.063066 -1217.696777 6
-14.403444 3.716354 -1230.672729 7
29.164703 5.476346 -1230.372314 8

%cara2_frontal1
8.480708 9.470946 -1207.252563 0
-8.472185 32.006607 -1241.678589 1
25.115856 28.135666 -1239.988892 2
-45.742512 26.667187 -1253.713135 3
55.731190 25.129261 -1249.988647 4
7.878591 39.365955 -1228.022339 5
8.065744 -3.812137 -1216.553467 6
-13.918930 2.474713 -1230.987915 7
29.401253 4.602638 -1230.153687 8

%cara2_frontal2
8.210436 10.415703 -1208.534912 0
-5.925377 31.165203 -1241.232544 1
23.809675 26.581263 -1239.477905 2
-46.923225 26.745104 -1254.888916 3
56.024563 24.894390 -1250.111938 4
7.244669 40.301682 -1227.428467 5
7.699681 -7.546408 -1216.399048 6
-12.587507 4.338253 -1229.387451 7
26.630220 4.233279 -1229.368652 8

%cara3_frontal1
8.851001 10.410117 -1206.352905 0
-10.862443 28.905279 -1242.264282 1
24.813160 31.218866 -1242.428711 2
-44.299942 26.871609 -1252.354126 3
55.075939 25.090015 -1247.630737 4
9.232080 39.008858 -1228.033447 5
6.668537 -5.111985 -1215.972778 6
-14.656777 4.423098 -1231.684692 7
31.712086 3.314306 -1231.684570 8

%cara3_frontal2
9.283302 11.241282 -1207.202393 0
-12.268699 28.926022 -1243.059082 1
27.700075 27.647392 -1240.980103 2
-43.507217 28.668318 -1252.668701 3
54.011490 26.775196 -1248.470703 4
8.237388 39.351463 -1227.988770 5
7.063230 -4.550346 -1215.572876 6
-15.404644 2.032540 -1230.883545 7
31.425604 4.034139 -1231.558716 8

%cara4_frontal1
7.986978 10.963508 -1205.781494 0
-9.950103 30.594204 -1240.503784 1
25.300179 28.505369 -1239.453613 2
-45.555637 27.782713 -1254.233398 3
55.955307 24.607010 -1249.901245 4 
8.889753 39.001190 -1229.424316 5
8.035500 -6.647484 -1217.645142 6
-13.112289 2.106358 -1230.516113 7
30.017164 2.017837 -1229.406982 8

%cara4_frontal2
9.583901 11.796211 -1204.609009 0
-11.293670 26.271406 -1241.780762 1
26.740446 27.464478 -1239.775879 2
-43.780552 30.451576 -1252.125122 3
56.086884 26.638514 -1249.711426 4
7.286157 39.709141 -1230.884766 5
8.212861 -5.492340 -1218.021851 6
-15.028578 1.864441 -1232.329834 7
28.730556 5.416645 -1229.145752 8

%cara5_frontal1
9.463743 12.360444 -1204.766724 0
-8.353565 28.740067 -1240.835938 1
23.547886 28.446980 -1239.205811 2
-45.441723 28.178391 -1254.045898 3
56.728550 27.231718 -1248.962524 4
7.534311 37.868877 -1230.494507 5
6.585522 -7.256168 -1218.052612 6
-13.107685 5.189986 -1229.883179 7
29.582932 3.409160 -1232.135010 8

%cara5_frontal2
8.932974 10.899417 -1206.114136 0
-9.183425 29.970556 -1239.887573 1
22.122808 28.525072 -1239.060547 2
-45.550400 28.729538 -1255.515503 3
57.496819 24.515656 -1250.104980 4
9.412377 38.898472 -1229.306763 5
5.766023 -3.785861 -1219.653320 6
-11.447092 -0.837268 -1227.816528 7
26.377815 3.809761 -1233.205688 8

%cara6_frontal1
9.356719 9.485291 -1204.987183 0
-10.379044 29.464724 -1241.102173 1
22.643648 28.688364 -1240.484009 2
-44.750031 27.811666 -1253.359985 3
57.938347 25.303556 -1249.491455 4
9.114285 40.344929 -1229.673462 5
7.443899 -3.132613 -1218.398315 6
-12.741627 1.781889 -1230.980347 7
27.911846 4.394118 -1229.891235 8

%cara6_frontal2
9.345245 8.610709 -1205.026001 0
-9.284212 32.159248 -1242.469727 1
22.195267 29.770958 -1240.367676 2
-45.611702 24.568474 -1253.016113 3
58.209221 25.381227 -1248.947021 4
8.318063 38.633804 -1228.736694 5
6.982807 -3.285848 -1218.507446 6
-11.025503 6.577585 -1230.459961 7
27.406626 1.684882 -1230.846069 8

%cara7_frontal1
9.867798 11.817293 -1204.594482 0
-11.245878 31.609604 -1243.013184 1
26.067278 26.965429 -1239.514893 2
-42.649891 26.445482 -1250.885010 3
55.846725 26.378925 -1248.550659 4
7.085927 38.404514 -1230.013672 5
8.352910 -7.642623 -1216.568359 6
-16.948645 4.958342 -1233.421387 7
30.163269 5.029903 -1231.763428 8

%cara7_frontal2
10.509755 11.984190 -1204.611328 0
-10.848264 31.244244 -1241.814087 1
23.443796 30.233763 -1240.592896 2
-43.019505 27.809036 -1252.589478 3
57.396870 25.113976 -1248.846802 4
7.445146 36.375397 -1229.574341 5
7.427765 -5.728588 -1217.880859 6
-15.472121 2.076006 -1231.538086 7
29.653337 4.953510 -1230.925781 8

%cara8_frontal1
9.944077 13.296094 -1206.223145 0
-8.732580 30.360386 -1241.569946 1
23.773745 28.046284 -1239.025269 2
-44.501350 29.278423 -1252.991943 3
56.442471 27.221777 -1250.616943 4
7.120916 35.810520 -1229.127319 5
7.292351 -4.350558 -1217.250854 6
-15.028061 1.139493 -1232.416382 7
30.226254 3.358685 -1229.160645 8

%cara8_frontal2
8.631536 12.599495 -1206.208984 0
-9.781542 29.980186 -1241.895142 1
25.002054 28.978998 -1240.830078 2
-45.467701 26.622187 -1253.552612 3
56.530632 26.957205 -1249.326050 4
8.132592 37.176453 -1227.865234 5
8.019188 -7.326719 -1217.794556 6
-12.929534 6.834523 -1230.483765 7
28.403242 2.343114 -1230.418945 8

%cara9_frontal1
8.436432 9.366688 -1204.523071 0
-6.938879 28.497953 -1238.966064 1
20.765615 29.526821 -1239.006470 2
-45.210411 28.660112 -1253.703491 3
56.911766 25.623808 -1249.725952 4
9.290693 39.648842 -1231.901123 5
8.109457 -2.417300 -1217.668945 6
-14.948015 1.406260 -1232.197388 7
30.121738 3.972913 -1230.681396 8

%cara9_frontal2
8.987877 10.512126 -1205.960571 0
-6.221395 29.576380 -1239.162598 1
20.696949 31.003296 -1239.467407 2
-46.202602 27.131969 -1254.997314 3
57.946384 24.517984 -1250.550049 4
8.513915 38.702747 -1229.877319 5
6.931124 -6.274886 -1218.737549 6
-12.155903 3.996727 -1230.100220 7
28.043030 5.033412 -1229.524292 8

%cara10_frontal1
9.450536 11.504111 -1204.480835 0
-9.573465 28.606930 -1240.567017 1
20.977600 29.926460 -1240.071411 2
-44.578728 27.903889 -1253.955933 3
57.422043 25.982327 -1248.958130 4
9.371620 38.593914 -1230.352539 5
5.910171 -6.429150 -1218.738892 6
-12.928446 4.019773 -1229.869141 7
30.488565 4.099020 -1231.376587 8


%cara10_frontal2
9.203465 9.256250 -1205.421997 0
-7.218489 30.911781 -1241.609741 1
21.397476 31.027517 -1240.831787 2
-43.455128 27.793016 -1250.413208 3
57.730774 25.504856 -1248.384155 4
7.176697 36.608952 -1231.096924 5
9.755629 -1.725585 -1214.987305 6
-17.260508 2.167793 -1235.024048 7
29.208862 2.487508 -1230.613281 8